src/hydroBayesCal/telemac/pputils/examples/grid_volume/out.asc
NCOLS 99
NROWS 99
XLLCORNER 10.0
YLLCORNER 0.0
CELLSIZE 0.1
NODATA_VALUE -999.0
[rows 34 to 67 of 99, columns 0 to 76 of 99]
2.959 2.980 3.000 3.020 3.041 3.061 3.082 3.102 3.122 3.143 3.163 3.184 3.204 3.224 3.245 3.265 3.286 3.306 3.327 3.347 3.367 3.388 3.408 3.429 3.449 3.469 3.490 3.510 3.531 3.551 3.571 3.592 3.612 3.633 3.653 3.633 3.612 3.592 3.571 3.551 3.531 3.510 3.490 3.469 3.449 3.429 3.408 3.388 3.367 3.347 3.327 3.306 3.286 3.265 3.245 3.224 3.204 3.184 3.163 3.143 3.122 3.102 3.082 3.061 3.041 3.020 3.000 2.980 2.959 2.939 2.918 2.898 2.878 2.857 2.837 2.816 2.796
2.929 2.949 2.969 2.990 3.010 3.031 3.051 3.071 3.092 3.112 3.133 3.153 3.173 3.194 3.214 3.235 3.255 3.276 3.296 3.316 3.337 3.357 3.378 3.398 3.418 3.439 3.459 3.480 3.500 3.520 3.541 3.561 3.582 3.602 3.622 3.643 3.622 3.602 3.582 3.561 3.541 3.520 3.500 3.480 3.459 3.439 3.418 3.398 3.378 3.357 3.337 3.316 3.296 3.276 3.255 3.235 3.214 3.194 3.173 3.153 3.133 3.112 3.092 3.071 3.051 3.031 3.010 2.990 2.969 2.949 2.929 2.908 2.888 2.867 2.847 2.827 2.806
2.898 2.918 2.939 2.959 2.980 3.000 3.020 3.041 3.061 3.082 3.102 3.122 3.143 3.163 3.184 3.204 3.224 3.245 3.265 3.286 3.306 3.327 3.347 3.367 3.388 3.408 3.429 3.449 3.469 3.490 3.510 3.531 3.551 3.571 3.592 3.612 3.633 3.612 3.592 3.571 3.551 3.531 3.510 3.490 3.469 3.449 3.429 3.408 3.388 3.367 3.347 3.327 3.306 3.286 3.265 3.245 3.224 3.204 3.184 3.163 3.143 3.122 3.102 3.082 3.061 3.041 3.020 3.000 2.980 2.959 2.939 2.918 2.898 2.878 2.857 2.837 2.816
2.867 2.888 2.908 2.929 2.949 2.969 2.990 3.010 3.031 3.051 3.071 3.092 3.112 3.133 3.153 3.173 3.194 3.214 3.235 3.255 3.276 3.296 3.316 3.337 3.357 3.378 3.398 3.418 3.439 3.459 3.480 3.500 3.520 3.541 3.561 3.582 3.602 3.622 3.602 3.582 3.561 3.541 3.520 3.500 3.480 3.459 3.439 3.418 3.398 3.378 3.357 3.337 3.316 3.296 3.276 3.255 3.235 3.214 3.194 3.173 3.153 3.133 3.112 3.092 3.071 3.051 3.031 3.010 2.990 2.969 2.949 2.929 2.908 2.888 2.867 2.847 2.827
2.837 2.857 2.878 2.898 2.918 2.939 2.959 2.980 3.000 3.020 3.041 3.061 3.082 3.102 3.122 3.143 3.163 3.184 3.204 3.224 3.245 3.265 3.286 3.306 3.327 3.347 3.367 3.388 3.408 3.429 3.449 3.469 3.490 3.510 3.531 3.551 3.571 3.592 3.612 3.592 3.571 3.551 3.531 3.510 3.490 3.469 3.449 3.429 3.408 3.388 3.367 3.347 3.327 3.306 3.286 3.265 3.245 3.224 3.204 3.184 3.163 3.143 3.122 3.102 3.082 3.061 3.041 3.020 3.000 2.980 2.959 2.939 2.918 2.898 2.878 2.857 2.837
2.806 2.827 2.847 2.867 2.888 2.908 2.929 2.949 2.969 2.990 3.010 3.031 3.051 3.071 3.092 3.112 3.133 3.153 3.173 3.194 3.214 3.235 3.255 3.276 3.296 3.316 3.337 3.357 3.378 3.398 3.418 3.439 3.459 3.480 3.500 3.520 3.541 3.561 3.582 3.602 3.582 3.561 3.541 3.520 3.500 3.480 3.459 3.439 3.418 3.398 3.378 3.357 3.337 3.316 3.296 3.276 3.255 3.235 3.214 3.194 3.173 3.153 3.133 3.112 3.092 3.071 3.051 3.031 3.010 2.990 2.969 2.949 2.929 2.908 2.888 2.867 2.847
2.776 2.796 2.816 2.837 2.857 2.878 2.898 2.918 2.939 2.959 2.980 3.000 3.020 3.041 3.061 3.082 3.102 3.122 3.143 3.163 3.184 3.204 3.224 3.245 3.265 3.286 3.306 3.327 3.347 3.367 3.388 3.408 3.429 3.449 3.469 3.490 3.510 3.531 3.551 3.571 3.592 3.571 3.551 3.531 3.510 3.490 3.469 3.449 3.429 3.408 3.388 3.367 3.347 3.327 3.306 3.286 3.265 3.245 3.224 3.204 3.184 3.163 3.143 3.122 3.102 3.082 3.061 3.041 3.020 3.000 2.980 2.959 2.939 2.918 2.898 2.878 2.857
2.745 2.765 2.786 2.806 2.827 2.847 2.867 2.888 2.908 2.929 2.949 2.969 2.990 3.010 3.031 3.051 3.071 3.092 3.112 3.133 3.153 3.173 3.194 3.214 3.235 3.255 3.276 3.296 3.316 3.337 3.357 3.378 3.398 3.418 3.439 3.459 3.480 3.500 3.520 3.541 3.561 3.582 3.561 3.541 3.520 3.500 3.480 3.459 3.439 3.418 3.398 3.378 3.357 3.337 3.316 3.296 3.276 3.255 3.235 3.214 3.194 3.173 3.153 3.133 3.112 3.092 3.071 3.051 3.031 3.010 2.990 2.969 2.949 2.929 2.908 2.888 2.867
2.714 2.735 2.755 2.776 2.796 2.816 2.837 2.857 2.878 2.898 2.918 2.939 2.959 2.980 3.000 3.020 3.041 3.061 3.082 3.102 3.122 3.143 3.163 3.184 3.204 3.224 3.245 3.265 3.286 3.306 3.327 3.347 3.367 3.388 3.408 3.429 3.449 3.469 3.490 3.510 3.531 3.551 3.571 3.551 3.531 3.510 3.490 3.469 3.449 3.429 3.408 3.388 3.367 3.347 3.327 3.306 3.286 3.265 3.245 3.224 3.204 3.184 3.163 3.143 3.122 3.102 3.082 3.061 3.041 3.020 3.000 2.980 2.959 2.939 2.918 2.898 2.878
2.684 2.704 2.724 2.745 2.765 2.786 2.806 2.827 2.847 2.867 2.888 2.908 2.929 2.949 2.969 2.990 3.010 3.031 3.051 3.071 3.092 3.112 3.133 3.153 3.173 3.194 3.214 3.235 3.255 3.276 3.296 3.316 3.337 3.357 3.378 3.398 3.418 3.439 3.459 3.480 3.500 3.520 3.541 3.561 3.541 3.520 3.500 3.480 3.459 3.439 3.418 3.398 3.378 3.357 3.337 3.316 3.296 3.276 3.255 3.235 3.214 3.194 3.173 3.153 3.133 3.112 3.092 3.071 3.051 3.031 3.010 2.990 2.969 2.949 2.929 2.908 2.888
2.653 2.673 2.694 2.714 2.735 2.755 2.776 2.796 2.816 2.837 2.857 2.878 2.898 2.918 2.939 2.959 2.980 3.000 3.020 3.041 3.061 3.082 3.102 3.122 3.143 3.163 3.184 3.204 3.224 3.245 3.265 3.286 3.306 3.327 3.347 3.367 3.388 3.408 3.429 3.449 3.469 3.490 3.510 3.531 3.551 3.531 3.510 3.490 3.469 3.449 3.429 3.408 3.388 3.367 3.347 3.327 3.306 3.286 3.265 3.245 3.224 3.204 3.184 3.163 3.143 3.122 3.102 3.082 3.061 3.041 3.020 3.000 2.980 2.959 2.939 2.918 2.898
2.622 2.643 2.663 2.684 2.704 2.724 2.745 2.765 2.786 2.806 2.827 2.847 2.867 2.888 2.908 2.929 2.949 2.969 2.990 3.010 3.031 3.051 3.071 3.092 3.112 3.133 3.153 3.173 3.194 3.214 3.235 3.255 3.276 3.296 3.316 3.337 3.357 3.378 3.398 3.418 3.439 3.459 3.480 3.500 3.520 3.541 3.520 3.500 3.480 3.459 3.439 3.418 3.398 3.378 3.357 3.337 3.316 3.296 3.276 3.255 3.235 3.214 3.194 3.173 3.153 3.133 3.112 3.092 3.071 3.051 3.031 3.010 2.990 2.969 2.949 2.929 2.908
2.592 2.612 2.633 2.653 2.673 2.694 2.714 2.735 2.755 2.776 2.796 2.816 2.837 2.857 2.878 2.898 2.918 2.939 2.959 2.980 3.000 3.020 3.041 3.061 3.082 3.102 3.122 3.143 3.163 3.184 3.204 3.224 3.245 3.265 3.286 3.306 3.327 3.347 3.367 3.388 3.408 3.429 3.449 3.469 3.490 3.510 3.531 3.510 3.490 3.469 3.449 3.429 3.408 3.388 3.367 3.347 3.327 3.306 3.286 3.265 3.245 3.224 3.204 3.184 3.163 3.143 3.122 3.102 3.082 3.061 3.041 3.020 3.000 2.980 2.959 2.939 2.918
2.561 2.582 2.602 2.622 2.643 2.663 2.684 2.704 2.724 2.745 2.765 2.786 2.806 2.827 2.847 2.867 2.888 2.908 2.929 2.949 2.969 2.990 3.010 3.031 3.051 3.071 3.092 3.112 3.133 3.153 3.173 3.194 3.214 3.235 3.255 3.276 3.296 3.316 3.337 3.357 3.378 3.398 3.418 3.439 3.459 3.480 3.500 3.520 3.500 3.480 3.459 3.439 3.418 3.398 3.378 3.357 3.337 3.316 3.296 3.276 3.255 3.235 3.214 3.194 3.173 3.153 3.133 3.112 3.092 3.071 3.051 3.031 3.010 2.990 2.969 2.949 2.929
2.531 2.551 2.571 2.592 2.612 2.633 2.653 2.673 2.694 2.714 2.735 2.755 2.776 2.796 2.816 2.837 2.857 2.878 2.898 2.918 2.939 2.959 2.980 3.000 3.020 3.041 3.061 3.082 3.102 3.122 3.143 3.163 3.184 3.204 3.224 3.245 3.265 3.286 3.306 3.327 3.347 3.367 3.388 3.408 3.429 3.449 3.469 3.490 3.510 3.490 3.469 3.449 3.429 3.408 3.388 3.367 3.347 3.327 3.306 3.286 3.265 3.245 3.224 3.204 3.184 3.163 3.143 3.122 3.102 3.082 3.061 3.041 3.020 3.000 2.980 2.959 2.939
2.500 2.520 2.541 2.561 2.582 2.602 2.622 2.643 2.663 2.684 2.704 2.724 2.745 2.765 2.786 2.806 2.827 2.847 2.867 2.888 2.908 2.929 2.949 2.969 2.990 3.010 3.031 3.051 3.071 3.092 3.112 3.133 3.153 3.173 3.194 3.214 3.235 3.255 3.276 3.296 3.316 3.337 3.357 3.378 3.398 3.418 3.439 3.459 3.480 3.500 3.480 3.459 3.439 3.418 3.398 3.378 3.357 3.337 3.316 3.296 3.276 3.255 3.235 3.214 3.194 3.173 3.153 3.133 3.112 3.092 3.071 3.051 3.031 3.010 2.990 2.969 2.949
2.469 2.490 2.510 2.531 2.551 2.571 2.592 2.612 2.633 2.653 2.673 2.694 2.714 2.735 2.755 2.776 2.796 2.816 2.837 2.857 2.878 2.898 2.918 2.939 2.959 2.980 3.000 3.020 3.041 3.061 3.082 3.102 3.122 3.143 3.163 3.184 3.204 3.224 3.245 3.265 3.286 3.306 3.327 3.347 3.367 3.388 3.408 3.429 3.449 3.469 3.490 3.469 3.449 3.429 3.408 3.388 3.367 3.347 3.327 3.306 3.286 3.265 3.245 3.224 3.204 3.184 3.163 3.143 3.122 3.102 3.082 3.061 3.041 3.020 3.000 2.980 2.959
2.439 2.459 2.480 2.500 2.520 2.541 2.561 2.582 2.602 2.622 2.643 2.663 2.684 2.704 2.724 2.745 2.765 2.786 2.806 2.827 2.847 2.867 2.888 2.908 2.929 2.949 2.969 2.990 3.010 3.031 3.051 3.071 3.092 3.112 3.133 3.153 3.173 3.194 3.214 3.235 3.255 3.276 3.296 3.316 3.337 3.357 3.378 3.398 3.418 3.439 3.459 3.480 3.459 3.439 3.418 3.398 3.378 3.357 3.337 3.316 3.296 3.276 3.255 3.235 3.214 3.194 3.173 3.153 3.133 3.112 3.092 3.071 3.051 3.031 3.010 2.990 2.969
2.408 2.429 2.449 2.469 2.490 2.510 2.531 2.551 2.571 2.592 2.612 2.633 2.653 2.673 2.694 2.714 2.735 2.755 2.776 2.796 2.816 2.837 2.857 2.878 2.898 2.918 2.939 2.959 2.980 3.000 3.020 3.041 3.061 3.082 3.102 3.122 3.143 3.163 3.184 3.204 3.224 3.245 3.265 3.286 3.306 3.327 3.347 3.367 3.388 3.408 3.429 3.449 3.469 3.449 3.429 3.408 3.388 3.367 3.347 3.327 3.306 3.286 3.265 3.245 3.224 3.204 3.184 3.163 3.143 3.122 3.102 3.082 3.061 3.041 3.020 3.000 2.980
2.378 2.398 2.418 2.439 2.459 2.480 2.500 2.520 2.541 2.561 2.582 2.602 2.622 2.643 2.663 2.684 2.704 2.724 2.745 2.765 2.786 2.806 2.827 2.847 2.867 2.888 2.908 2.929 2.949 2.969 2.990 3.010 3.031 3.051 3.071 3.092 3.112 3.133 3.153 3.173 3.194 3.214 3.235 3.255 3.276 3.296 3.316 3.337 3.357 3.378 3.398 3.418 3.439 3.459 3.439 3.418 3.398 3.378 3.357 3.337 3.316 3.296 3.276 3.255 3.235 3.214 3.194 3.173 3.153 3.133 3.112 3.092 3.071 3.051 3.031 3.010 2.990
2.347 2.367 2.388 2.408 2.429 2.449 2.469 2.490 2.510 2.531 2.551 2.571 2.592 2.612 2.633 2.653 2.673 2.694 2.714 2.735 2.755 2.776 2.796 2.816 2.837 2.857 2.878 2.898 2.918 2.939 2.959 2.980 3.000 3.020 3.041 3.061 3.082 3.102 3.122 3.143 3.163 3.184 3.204 3.224 3.245 3.265 3.286 3.306 3.327 3.347 3.367 3.388 3.408 3.429 3.449 3.429 3.408 3.388 3.367 3.347 3.327 3.306 3.286 3.265 3.245 3.224 3.204 3.184 3.163 3.143 3.122 3.102 3.082 3.061 3.041 3.020 3.000
2.316 2.337 2.357 2.378 2.398 2.418 2.439 2.459 2.480 2.500 2.520 2.541 2.561 2.582 2.602 2.622 2.643 2.663 2.684 2.704 2.724 2.745 2.765 2.786 2.806 2.827 2.847 2.867 2.888 2.908 2.929 2.949 2.969 2.990 3.010 3.031 3.051 3.071 3.092 3.112 3.133 3.153 3.173 3.194 3.214 3.235 3.255 3.276 3.296 3.316 3.337 3.357 3.378 3.398 3.418 3.439 3.418 3.398 3.378 3.357 3.337 3.316 3.296 3.276 3.255 3.235 3.214 3.194 3.173 3.153 3.133 3.112 3.092 3.071 3.051 3.031 3.010
2.286 2.306 2.327 2.347 2.367 2.388 2.408 2.429 2.449 2.469 2.490 2.510 2.531 2.551 2.571 2.592 2.612 2.633 2.653 2.673 2.694 2.714 2.735 2.755 2.776 2.796 2.816 2.837 2.857 2.878 2.898 2.918 2.939 2.959 2.980 3.000 3.020 3.041 3.061 3.082 3.102 3.122 3.143 3.163 3.184 3.204 3.224 3.245 3.265 3.286 3.306 3.327 3.347 3.367 3.388 3.408 3.429 3.408 3.388 3.367 3.347 3.327 3.306 3.286 3.265 3.245 3.224 3.204 3.184 3.163 3.143 3.122 3.102 3.082 3.061 3.041 3.020
2.255 2.276 2.296 2.316 2.337 2.357 2.378 2.398 2.418 2.439 2.459 2.480 2.500 2.520 2.541 2.561 2.582 2.602 2.622 2.643 2.663 2.684 2.704 2.724 2.745 2.765 2.786 2.806 2.827 2.847 2.867 2.888 2.908 2.929 2.949 2.969 2.990 3.010 3.031 3.051 3.071 3.092 3.112 3.133 3.153 3.173 3.194 3.214 3.235 3.255 3.276 3.296 3.316 3.337 3.357 3.378 3.398 3.418 3.398 3.378 3.357 3.337 3.316 3.296 3.276 3.255 3.235 3.214 3.194 3.173 3.153 3.133 3.112 3.092 3.071 3.051 3.031
2.224 2.245 2.265 2.286 2.306 2.327 2.347 2.367 2.388 2.408 2.429 2.449 2.469 2.490 2.510 2.531 2.551 2.571 2.592 2.612 2.633 2.653 2.673 2.694 2.714 2.735 2.755 2.776 2.796 2.816 2.837 2.857 2.878 2.898 2.918 2.939 2.959 2.980 3.000 3.020 3.041 3.061 3.082 3.102 3.122 3.143 3.163 3.184 3.204 3.224 3.245 3.265 3.286 3.306 3.327 3.347 3.367 3.388 3.408 3.388 3.367 3.347 3.327 3.306 3.286 3.265 3.245 3.224 3.204 3.184 3.163 3.143 3.122 3.102 3.082 3.061 3.041
2.194 2.214 2.235 2.255 2.276 2.296 2.316 2.337 2.357 2.378 2.398 2.418 2.439 2.459 2.480 2.500 2.520 2.541 2.561 2.582 2.602 2.622 2.643 2.663 2.684 2.704 2.724 2.745 2.765 2.786 2.806 2.827 2.847 2.867 2.888 2.908 2.929 2.949 2.969 2.990 3.010 3.031 3.051 3.071 3.092 3.112 3.133 3.153 3.173 3.194 3.214 3.235 3.255 3.276 3.296 3.316 3.337 3.357 3.378 3.398 3.378 3.357 3.337 3.316 3.296 3.276 3.255 3.235 3.214 3.194 3.173 3.153 3.133 3.112 3.092 3.071 3.051
2.163 2.184 2.204 2.224 2.245 2.265 2.286 2.306 2.327 2.347 2.367 2.388 2.408 2.429 2.449 2.469 2.490 2.510 2.531 2.551 2.571 2.592 2.612 2.633 2.653 2.673 2.694 2.714 2.735 2.755 2.776 2.796 2.816 2.837 2.857 2.878 2.898 2.918 2.939 2.959 2.980 3.000 3.020 3.041 3.061 3.082 3.102 3.122 3.143 3.163 3.184 3.204 3.224 3.245 3.265 3.286 3.306 3.327 3.347 3.367 3.388 3.367 3.347 3.327 3.306 3.286 3.265 3.245 3.224 3.204 3.184 3.163 3.143 3.122 3.102 3.082 3.061
2.133 2.153 2.173 2.194 2.214 2.235 2.255 2.276 2.296 2.316 2.337 2.357 2.378 2.398 2.418 2.439 2.459 2.480 2.500 2.520 2.541 2.561 2.582 2.602 2.622 2.643 2.663 2.684 2.704 2.724 2.745 2.765 2.786 2.806 2.827 2.847 2.867 2.888 2.908 2.929 2.949 2.969 2.990 3.010 3.031 3.051 3.071 3.092 3.112 3.133 3.153 3.173 3.194 3.214 3.235 3.255 3.276 3.296 3.316 3.337 3.357 3.378 3.357 3.337 3.316 3.296 3.276 3.255 3.235 3.214 3.194 3.173 3.153 3.133 3.112 3.092 3.071
2.102 2.122 2.143 2.163 2.184 2.204 2.224 2.245 2.265 2.286 2.306 2.327 2.347 2.367 2.388 2.408 2.429 2.449 2.469 2.490 2.510 2.531 2.551 2.571 2.592 2.612 2.633 2.653 2.673 2.694 2.714 2.735 2.755 2.776 2.796 2.816 2.837 2.857 2.878 2.898 2.918 2.939 2.959 2.980 3.000 3.020 3.041 3.061 3.082 3.102 3.122 3.143 3.163 3.184 3.204 3.224 3.245 3.265 3.286 3.306 3.327 3.347 3.367 3.347 3.327 3.306 3.286 3.265 3.245 3.224 3.204 3.184 3.163 3.143 3.122 3.102 3.082
2.071 2.092 2.112 2.133 2.153 2.173 2.194 2.214 2.235 2.255 2.276 2.296 2.316 2.337 2.357 2.378 2.398 2.418 2.439 2.459 2.480 2.500 2.520 2.541 2.561 2.582 2.602 2.622 2.643 2.663 2.684 2.704 2.724 2.745 2.765 2.786 2.806 2.827 2.847 2.867 2.888 2.908 2.929 2.949 2.969 2.990 3.010 3.031 3.051 3.071 3.092 3.112 3.133 3.153 3.173 3.194 3.214 3.235 3.255 3.276 3.296 3.316 3.337 3.357 3.337 3.316 3.296 3.276 3.255 3.235 3.214 3.194 3.173 3.153 3.133 3.112 3.092
2.041 2.061 2.082 2.102 2.122 2.143 2.163 2.184 2.204 2.224 2.245 2.265 2.286 2.306 2.327 2.347 2.367 2.388 2.408 2.429 2.449 2.469 2.490 2.510 2.531 2.551 2.571 2.592 2.612 2.633 2.653 2.673 2.694 2.714 2.735 2.755 2.776 2.796 2.816 2.837 2.857 2.878 2.898 2.918 2.939 2.959 2.980 3.000 3.020 3.041 3.061 3.082 3.102 3.122 3.143 3.163 3.184 3.204 3.224 3.245 3.265 3.286 3.306 3.327 3.347 3.327 3.306 3.286 3.265 3.245 3.224 3.204 3.184 3.163 3.143 3.122 3.102
2.010 2.031 2.051 2.071 2.092 2.112 2.133 2.153 2.173 2.194 2.214 2.235 2.255 2.276 2.296 2.316 2.337 2.357 2.378 2.398 2.418 2.439 2.459 2.480 2.500 2.520 2.541 2.561 2.582 2.602 2.622 2.643 2.663 2.684 2.704 2.724 2.745 2.765 2.786 2.806 2.827 2.847 2.867 2.888 2.908 2.929 2.949 2.969 2.990 3.010 3.031 3.051 3.071 3.092 3.112 3.133 3.153 3.173 3.194 3.214 3.235 3.255 3.276 3.296 3.316 3.337 3.316 3.296 3.276 3.255 3.235 3.214 3.194 3.173 3.153 3.133 3.112
1.980 2.000 2.020 2.041 2.061 2.082 2.102 2.122 2.143 2.163 2.184 2.204 2.224 2.245 2.265 2.286 2.306 2.327 2.347 2.367 2.388 2.408 2.429 2.449 2.469 2.490 2.510 2.531 2.551 2.571 2.592 2.612 2.633 2.653 2.673 2.694 2.714 2.735 2.755 2.776 2.796 2.816 2.837 2.857 2.878 2.898 2.918 2.939 2.959 2.980 3.000 3.020 3.041 3.061 3.082 3.102 3.122 3.143 3.163 3.184 3.204 3.224 3.245 3.265 3.286 3.306 3.327 3.306 3.286 3.265 3.245 3.224 3.204 3.184 3.163 3.143 3.122
1.949 1.969 1.990 2.010 2.031 2.051 2.071 2.092 2.112 2.133 2.153 2.173 2.194 2.214 2.235 2.255 2.276 2.296 2.316 2.337 2.357 2.378 2.398 2.418 2.439 2.459 2.480 2.500 2.520 2.541 2.561 2.582 2.602 2.622 2.643 2.663 2.684 2.704 2.724 2.745 2.765 2.786 2.806 2.827 2.847 2.867 2.888 2.908 2.929 2.949 2.969 2.990 3.010 3.031 3.051 3.071 3.092 3.112 3.133 3.153 3.173 3.194 3.214 3.235 3.255 3.276 3.296 3.316 3.296 3.276 3.255 3.235 3.214 3.194 3.173 3.153 3.133
