src/hydroBayesCal/telemac/pputils/examples/grid_volume/out.asc
NCOLS 99
NROWS 99
XLLCORNER 10.0
YLLCORNER 0.0
CELLSIZE 0.1
NODATA_VALUE -999.0
[rows 0 to 33 of 99, columns 0 to 76 of 99]
4.000 3.980 3.959 3.939 3.918 3.898 3.878 3.857 3.837 3.816 3.796 3.776 3.755 3.735 3.714 3.694 3.673 3.653 3.633 3.612 3.592 3.571 3.551 3.531 3.510 3.490 3.469 3.449 3.429 3.408 3.388 3.367 3.347 3.327 3.306 3.286 3.265 3.245 3.224 3.204 3.184 3.163 3.143 3.122 3.102 3.082 3.061 3.041 3.020 3.000 2.980 2.959 2.939 2.918 2.898 2.878 2.857 2.837 2.816 2.796 2.776 2.755 2.735 2.714 2.694 2.673 2.653 2.633 2.612 2.592 2.571 2.551 2.531 2.510 2.490 2.469 2.449
3.969 3.990 3.969 3.949 3.929 3.908 3.888 3.867 3.847 3.827 3.806 3.786 3.765 3.745 3.724 3.704 3.684 3.663 3.643 3.622 3.602 3.582 3.561 3.541 3.520 3.500 3.480 3.459 3.439 3.418 3.398 3.378 3.357 3.337 3.316 3.296 3.276 3.255 3.235 3.214 3.194 3.173 3.153 3.133 3.112 3.092 3.071 3.051 3.031 3.010 2.990 2.969 2.949 2.929 2.908 2.888 2.867 2.847 2.827 2.806 2.786 2.765 2.745 2.724 2.704 2.684 2.663 2.643 2.622 2.602 2.582 2.561 2.541 2.520 2.500 2.480 2.459
3.939 3.959 3.980 3.959 3.939 3.918 3.898 3.878 3.857 3.837 3.816 3.796 3.776 3.755 3.735 3.714 3.694 3.673 3.653 3.633 3.612 3.592 3.571 3.551 3.531 3.510 3.490 3.469 3.449 3.429 3.408 3.388 3.367 3.347 3.327 3.306 3.286 3.265 3.245 3.224 3.204 3.184 3.163 3.143 3.122 3.102 3.082 3.061 3.041 3.020 3.000 2.980 2.959 2.939 2.918 2.898 2.878 2.857 2.837 2.816 2.796 2.776 2.755 2.735 2.714 2.694 2.673 2.653 2.633 2.612 2.592 2.571 2.551 2.531 2.510 2.490 2.469
3.908 3.929 3.949 3.969 3.949 3.929 3.908 3.888 3.867 3.847 3.827 3.806 3.786 3.765 3.745 3.724 3.704 3.684 3.663 3.643 3.622 3.602 3.582 3.561 3.541 3.520 3.500 3.480 3.459 3.439 3.418 3.398 3.378 3.357 3.337 3.316 3.296 3.276 3.255 3.235 3.214 3.194 3.173 3.153 3.133 3.112 3.092 3.071 3.051 3.031 3.010 2.990 2.969 2.949 2.929 2.908 2.888 2.867 2.847 2.827 2.806 2.786 2.765 2.745 2.724 2.704 2.684 2.663 2.643 2.622 2.602 2.582 2.561 2.541 2.520 2.500 2.480
3.878 3.898 3.918 3.939 3.959 3.939 3.918 3.898 3.878 3.857 3.837 3.816 3.796 3.776 3.755 3.735 3.714 3.694 3.673 3.653 3.633 3.612 3.592 3.571 3.551 3.531 3.510 3.490 3.469 3.449 3.429 3.408 3.388 3.367 3.347 3.327 3.306 3.286 3.265 3.245 3.224 3.204 3.184 3.163 3.143 3.122 3.102 3.082 3.061 3.041 3.020 3.000 2.980 2.959 2.939 2.918 2.898 2.878 2.857 2.837 2.816 2.796 2.776 2.755 2.735 2.714 2.694 2.673 2.653 2.633 2.612 2.592 2.571 2.551 2.531 2.510 2.490
3.847 3.867 3.888 3.908 3.929 3.949 3.929 3.908 3.888 3.867 3.847 3.827 3.806 3.786 3.765 3.745 3.724 3.704 3.684 3.663 3.643 3.622 3.602 3.582 3.561 3.541 3.520 3.500 3.480 3.459 3.439 3.418 3.398 3.378 3.357 3.337 3.316 3.296 3.276 3.255 3.235 3.214 3.194 3.173 3.153 3.133 3.112 3.092 3.071 3.051 3.031 3.010 2.990 2.969 2.949 2.929 2.908 2.888 2.867 2.847 2.827 2.806 2.786 2.765 2.745 2.724 2.704 2.684 2.663 2.643 2.622 2.602 2.582 2.561 2.541 2.520 2.500
3.816 3.837 3.857 3.878 3.898 3.918 3.939 3.918 3.898 3.878 3.857 3.837 3.816 3.796 3.776 3.755 3.735 3.714 3.694 3.673 3.653 3.633 3.612 3.592 3.571 3.551 3.531 3.510 3.490 3.469 3.449 3.429 3.408 3.388 3.367 3.347 3.327 3.306 3.286 3.265 3.245 3.224 3.204 3.184 3.163 3.143 3.122 3.102 3.082 3.061 3.041 3.020 3.000 2.980 2.959 2.939 2.918 2.898 2.878 2.857 2.837 2.816 2.796 2.776 2.755 2.735 2.714 2.694 2.673 2.653 2.633 2.612 2.592 2.571 2.551 2.531 2.510
3.786 3.806 3.827 3.847 3.867 3.888 3.908 3.929 3.908 3.888 3.867 3.847 3.827 3.806 3.786 3.765 3.745 3.724 3.704 3.684 3.663 3.643 3.622 3.602 3.582 3.561 3.541 3.520 3.500 3.480 3.459 3.439 3.418 3.398 3.378 3.357 3.337 3.316 3.296 3.276 3.255 3.235 3.214 3.194 3.173 3.153 3.133 3.112 3.092 3.071 3.051 3.031 3.010 2.990 2.969 2.949 2.929 2.908 2.888 2.867 2.847 2.827 2.806 2.786 2.765 2.745 2.724 2.704 2.684 2.663 2.643 2.622 2.602 2.582 2.561 2.541 2.520
3.755 3.776 3.796 3.816 3.837 3.857 3.878 3.898 3.918 3.898 3.878 3.857 3.837 3.816 3.796 3.776 3.755 3.735 3.714 3.694 3.673 3.653 3.633 3.612 3.592 3.571 3.551 3.531 3.510 3.490 3.469 3.449 3.429 3.408 3.388 3.367 3.347 3.327 3.306 3.286 3.265 3.245 3.224 3.204 3.184 3.163 3.143 3.122 3.102 3.082 3.061 3.041 3.020 3.000 2.980 2.959 2.939 2.918 2.898 2.878 2.857 2.837 2.816 2.796 2.776 2.755 2.735 2.714 2.694 2.673 2.653 2.633 2.612 2.592 2.571 2.551 2.531
3.724 3.745 3.765 3.786 3.806 3.827 3.847 3.867 3.888 3.908 3.888 3.867 3.847 3.827 3.806 3.786 3.765 3.745 3.724 3.704 3.684 3.663 3.643 3.622 3.602 3.582 3.561 3.541 3.520 3.500 3.480 3.459 3.439 3.418 3.398 3.378 3.357 3.337 3.316 3.296 3.276 3.255 3.235 3.214 3.194 3.173 3.153 3.133 3.112 3.092 3.071 3.051 3.031 3.010 2.990 2.969 2.949 2.929 2.908 2.888 2.867 2.847 2.827 2.806 2.786 2.765 2.745 2.724 2.704 2.684 2.663 2.643 2.622 2.602 2.582 2.561 2.541
3.694 3.714 3.735 3.755 3.776 3.796 3.816 3.837 3.857 3.878 3.898 3.878 3.857 3.837 3.816 3.796 3.776 3.755 3.735 3.714 3.694 3.673 3.653 3.633 3.612 3.592 3.571 3.551 3.531 3.510 3.490 3.469 3.449 3.429 3.408 3.388 3.367 3.347 3.327 3.306 3.286 3.265 3.245 3.224 3.204 3.184 3.163 3.143 3.122 3.102 3.082 3.061 3.041 3.020 3.000 2.980 2.959 2.939 2.918 2.898 2.878 2.857 2.837 2.816 2.796 2.776 2.755 2.735 2.714 2.694 2.673 2.653 2.633 2.612 2.592 2.571 2.551
3.663 3.684 3.704 3.724 3.745 3.765 3.786 3.806 3.827 3.847 3.867 3.888 3.867 3.847 3.827 3.806 3.786 3.765 3.745 3.724 3.704 3.684 3.663 3.643 3.622 3.602 3.582 3.561 3.541 3.520 3.500 3.480 3.459 3.439 3.418 3.398 3.378 3.357 3.337 3.316 3.296 3.276 3.255 3.235 3.214 3.194 3.173 3.153 3.133 3.112 3.092 3.071 3.051 3.031 3.010 2.990 2.969 2.949 2.929 2.908 2.888 2.867 2.847 2.827 2.806 2.786 2.765 2.745 2.724 2.704 2.684 2.663 2.643 2.622 2.602 2.582 2.561
3.633 3.653 3.673 3.694 3.714 3.735 3.755 3.776 3.796 3.816 3.837 3.857 3.878 3.857 3.837 3.816 3.796 3.776 3.755 3.735 3.714 3.694 3.673 3.653 3.633 3.612 3.592 3.571 3.551 3.531 3.510 3.490 3.469 3.449 3.429 3.408 3.388 3.367 3.347 3.327 3.306 3.286 3.265 3.245 3.224 3.204 3.184 3.163 3.143 3.122 3.102 3.082 3.061 3.041 3.020 3.000 2.980 2.959 2.939 2.918 2.898 2.878 2.857 2.837 2.816 2.796 2.776 2.755 2.735 2.714 2.694 2.673 2.653 2.633 2.612 2.592 2.571
3.602 3.622 3.643 3.663 3.684 3.704 3.724 3.745 3.765 3.786 3.806 3.827 3.847 3.867 3.847 3.827 3.806 3.786 3.765 3.745 3.724 3.704 3.684 3.663 3.643 3.622 3.602 3.582 3.561 3.541 3.520 3.500 3.480 3.459 3.439 3.418 3.398 3.378 3.357 3.337 3.316 3.296 3.276 3.255 3.235 3.214 3.194 3.173 3.153 3.133 3.112 3.092 3.071 3.051 3.031 3.010 2.990 2.969 2.949 2.929 2.908 2.888 2.867 2.847 2.827 2.806 2.786 2.765 2.745 2.724 2.704 2.684 2.663 2.643 2.622 2.602 2.582
3.571 3.592 3.612 3.633 3.653 3.673 3.694 3.714 3.735 3.755 3.776 3.796 3.816 3.837 3.857 3.837 3.816 3.796 3.776 3.755 3.735 3.714 3.694 3.673 3.653 3.633 3.612 3.592 3.571 3.551 3.531 3.510 3.490 3.469 3.449 3.429 3.408 3.388 3.367 3.347 3.327 3.306 3.286 3.265 3.245 3.224 3.204 3.184 3.163 3.143 3.122 3.102 3.082 3.061 3.041 3.020 3.000 2.980 2.959 2.939 2.918 2.898 2.878 2.857 2.837 2.816 2.796 2.776 2.755 2.735 2.714 2.694 2.673 2.653 2.633 2.612 2.592
3.541 3.561 3.582 3.602 3.622 3.643 3.663 3.684 3.704 3.724 3.745 3.765 3.786 3.806 3.827 3.847 3.827 3.806 3.786 3.765 3.745 3.724 3.704 3.684 3.663 3.643 3.622 3.602 3.582 3.561 3.541 3.520 3.500 3.480 3.459 3.439 3.418 3.398 3.378 3.357 3.337 3.316 3.296 3.276 3.255 3.235 3.214 3.194 3.173 3.153 3.133 3.112 3.092 3.071 3.051 3.031 3.010 2.990 2.969 2.949 2.929 2.908 2.888 2.867 2.847 2.827 2.806 2.786 2.765 2.745 2.724 2.704 2.684 2.663 2.643 2.622 2.602
3.510 3.531 3.551 3.571 3.592 3.612 3.633 3.653 3.673 3.694 3.714 3.735 3.755 3.776 3.796 3.816 3.837 3.816 3.796 3.776 3.755 3.735 3.714 3.694 3.673 3.653 3.633 3.612 3.592 3.571 3.551 3.531 3.510 3.490 3.469 3.449 3.429 3.408 3.388 3.367 3.347 3.327 3.306 3.286 3.265 3.245 3.224 3.204 3.184 3.163 3.143 3.122 3.102 3.082 3.061 3.041 3.020 3.000 2.980 2.959 2.939 2.918 2.898 2.878 2.857 2.837 2.816 2.796 2.776 2.755 2.735 2.714 2.694 2.673 2.653 2.633 2.612
3.480 3.500 3.520 3.541 3.561 3.582 3.602 3.622 3.643 3.663 3.684 3.704 3.724 3.745 3.765 3.786 3.806 3.827 3.806 3.786 3.765 3.745 3.724 3.704 3.684 3.663 3.643 3.622 3.602 3.582 3.561 3.541 3.520 3.500 3.480 3.459 3.439 3.418 3.398 3.378 3.357 3.337 3.316 3.296 3.276 3.255 3.235 3.214 3.194 3.173 3.153 3.133 3.112 3.092 3.071 3.051 3.031 3.010 2.990 2.969 2.949 2.929 2.908 2.888 2.867 2.847 2.827 2.806 2.786 2.765 2.745 2.724 2.704 2.684 2.663 2.643 2.622
3.449 3.469 3.490 3.510 3.531 3.551 3.571 3.592 3.612 3.633 3.653 3.673 3.694 3.714 3.735 3.755 3.776 3.796 3.816 3.796 3.776 3.755 3.735 3.714 3.694 3.673 3.653 3.633 3.612 3.592 3.571 3.551 3.531 3.510 3.490 3.469 3.449 3.429 3.408 3.388 3.367 3.347 3.327 3.306 3.286 3.265 3.245 3.224 3.204 3.184 3.163 3.143 3.122 3.102 3.082 3.061 3.041 3.020 3.000 2.980 2.959 2.939 2.918 2.898 2.878 2.857 2.837 2.816 2.796 2.776 2.755 2.735 2.714 2.694 2.673 2.653 2.633
3.418 3.439 3.459 3.480 3.500 3.520 3.541 3.561 3.582 3.602 3.622 3.643 3.663 3.684 3.704 3.724 3.745 3.765 3.786 3.806 3.786 3.765 3.745 3.724 3.704 3.684 3.663 3.643 3.622 3.602 3.582 3.561 3.541 3.520 3.500 3.480 3.459 3.439 3.418 3.398 3.378 3.357 3.337 3.316 3.296 3.276 3.255 3.235 3.214 3.194 3.173 3.153 3.133 3.112 3.092 3.071 3.051 3.031 3.010 2.990 2.969 2.949 2.929 2.908 2.888 2.867 2.847 2.827 2.806 2.786 2.765 2.745 2.724 2.704 2.684 2.663 2.643
3.388 3.408 3.429 3.449 3.469 3.490 3.510 3.531 3.551 3.571 3.592 3.612 3.633 3.653 3.673 3.694 3.714 3.735 3.755 3.776 3.796 3.776 3.755 3.735 3.714 3.694 3.673 3.653 3.633 3.612 3.592 3.571 3.551 3.531 3.510 3.490 3.469 3.449 3.429 3.408 3.388 3.367 3.347 3.327 3.306 3.286 3.265 3.245 3.224 3.204 3.184 3.163 3.143 3.122 3.102 3.082 3.061 3.041 3.020 3.000 2.980 2.959 2.939 2.918 2.898 2.878 2.857 2.837 2.816 2.796 2.776 2.755 2.735 2.714 2.694 2.673 2.653
3.357 3.378 3.398 3.418 3.439 3.459 3.480 3.500 3.520 3.541 3.561 3.582 3.602 3.622 3.643 3.663 3.684 3.704 3.724 3.745 3.765 3.786 3.765 3.745 3.724 3.704 3.684 3.663 3.643 3.622 3.602 3.582 3.561 3.541 3.520 3.500 3.480 3.459 3.439 3.418 3.398 3.378 3.357 3.337 3.316 3.296 3.276 3.255 3.235 3.214 3.194 3.173 3.153 3.133 3.112 3.092 3.071 3.051 3.031 3.010 2.990 2.969 2.949 2.929 2.908 2.888 2.867 2.847 2.827 2.806 2.786 2.765 2.745 2.724 2.704 2.684 2.663
3.327 3.347 3.367 3.388 3.408 3.429 3.449 3.469 3.490 3.510 3.531 3.551 3.571 3.592 3.612 3.633 3.653 3.673 3.694 3.714 3.735 3.755 3.776 3.755 3.735 3.714 3.694 3.673 3.653 3.633 3.612 3.592 3.571 3.551 3.531 3.510 3.490 3.469 3.449 3.429 3.408 3.388 3.367 3.347 3.327 3.306 3.286 3.265 3.245 3.224 3.204 3.184 3.163 3.143 3.122 3.102 3.082 3.061 3.041 3.020 3.000 2.980 2.959 2.939 2.918 2.898 2.878 2.857 2.837 2.816 2.796 2.776 2.755 2.735 2.714 2.694 2.673
3.296 3.316 3.337 3.357 3.378 3.398 3.418 3.439 3.459 3.480 3.500 3.520 3.541 3.561 3.582 3.602 3.622 3.643 3.663 3.684 3.704 3.724 3.745 3.765 3.745 3.724 3.704 3.684 3.663 3.643 3.622 3.602 3.582 3.561 3.541 3.520 3.500 3.480 3.459 3.439 3.418 3.398 3.378 3.357 3.337 3.316 3.296 3.276 3.255 3.235 3.214 3.194 3.173 3.153 3.133 3.112 3.092 3.071 3.051 3.031 3.010 2.990 2.969 2.949 2.929 2.908 2.888 2.867 2.847 2.827 2.806 2.786 2.765 2.745 2.724 2.704 2.684
3.265 3.286 3.306 3.327 3.347 3.367 3.388 3.408 3.429 3.449 3.469 3.490 3.510 3.531 3.551 3.571 3.592 3.612 3.633 3.653 3.673 3.694 3.714 3.735 3.755 3.735 3.714 3.694 3.673 3.653 3.633 3.612 3.592 3.571 3.551 3.531 3.510 3.490 3.469 3.449 3.429 3.408 3.388 3.367 3.347 3.327 3.306 3.286 3.265 3.245 3.224 3.204 3.184 3.163 3.143 3.122 3.102 3.082 3.061 3.041 3.020 3.000 2.980 2.959 2.939 2.918 2.898 2.878 2.857 2.837 2.816 2.796 2.776 2.755 2.735 2.714 2.694
3.235 3.255 3.276 3.296 3.316 3.337 3.357 3.378 3.398 3.418 3.439 3.459 3.480 3.500 3.520 3.541 3.561 3.582 3.602 3.622 3.643 3.663 3.684 3.704 3.724 3.745 3.724 3.704 3.684 3.663 3.643 3.622 3.602 3.582 3.561 3.541 3.520 3.500 3.480 3.459 3.439 3.418 3.398 3.378 3.357 3.337 3.316 3.296 3.276 3.255 3.235 3.214 3.194 3.173 3.153 3.133 3.112 3.092 3.071 3.051 3.031 3.010 2.990 2.969 2.949 2.929 2.908 2.888 2.867 2.847 2.827 2.806 2.786 2.765 2.745 2.724 2.704
3.204 3.224 3.245 3.265 3.286 3.306 3.327 3.347 3.367 3.388 3.408 3.429 3.449 3.469 3.490 3.510 3.531 3.551 3.571 3.592 3.612 3.633 3.653 3.673 3.694 3.714 3.735 3.714 3.694 3.673 3.653 3.633 3.612 3.592 3.571 3.551 3.531 3.510 3.490 3.469 3.449 3.429 3.408 3.388 3.367 3.347 3.327 3.306 3.286 3.265 3.245 3.224 3.204 3.184 3.163 3.143 3.122 3.102 3.082 3.061 3.041 3.020 3.000 2.980 2.959 2.939 2.918 2.898 2.878 2.857 2.837 2.816 2.796 2.776 2.755 2.735 2.714
3.173 3.194 3.214 3.235 3.255 3.276 3.296 3.316 3.337 3.357 3.378 3.398 3.418 3.439 3.459 3.480 3.500 3.520 3.541 3.561 3.582 3.602 3.622 3.643 3.663 3.684 3.704 3.724 3.704 3.684 3.663 3.643 3.622 3.602 3.582 3.561 3.541 3.520 3.500 3.480 3.459 3.439 3.418 3.398 3.378 3.357 3.337 3.316 3.296 3.276 3.255 3.235 3.214 3.194 3.173 3.153 3.133 3.112 3.092 3.071 3.051 3.031 3.010 2.990 2.969 2.949 2.929 2.908 2.888 2.867 2.847 2.827 2.806 2.786 2.765 2.745 2.724
3.143 3.163 3.184 3.204 3.224 3.245 3.265 3.286 3.306 3.327 3.347 3.367 3.388 3.408 3.429 3.449 3.469 3.490 3.510 3.531 3.551 3.571 3.592 3.612 3.633 3.653 3.673 3.694 3.714 3.694 3.673 3.653 3.633 3.612 3.592 3.571 3.551 3.531 3.510 3.490 3.469 3.449 3.429 3.408 3.388 3.367 3.347 3.327 3.306 3.286 3.265 3.245 3.224 3.204 3.184 3.163 3.143 3.122 3.102 3.082 3.061 3.041 3.020 3.000 2.980 2.959 2.939 2.918 2.898 2.878 2.857 2.837 2.816 2.796 2.776 2.755 2.735
3.112 3.133 3.153 3.173 3.194 3.214 3.235 3.255 3.276 3.296 3.316 3.337 3.357 3.378 3.398 3.418 3.439 3.459 3.480 3.500 3.520 3.541 3.561 3.582 3.602 3.622 3.643 3.663 3.684 3.704 3.684 3.663 3.643 3.622 3.602 3.582 3.561 3.541 3.520 3.500 3.480 3.459 3.439 3.418 3.398 3.378 3.357 3.337 3.316 3.296 3.276 3.255 3.235 3.214 3.194 3.173 3.153 3.133 3.112 3.092 3.071 3.051 3.031 3.010 2.990 2.969 2.949 2.929 2.908 2.888 2.867 2.847 2.827 2.806 2.786 2.765 2.745
3.082 3.102 3.122 3.143 3.163 3.184 3.204 3.224 3.245 3.265 3.286 3.306 3.327 3.347 3.367 3.388 3.408 3.429 3.449 3.469 3.490 3.510 3.531 3.551 3.571 3.592 3.612 3.633 3.653 3.673 3.694 3.673 3.653 3.633 3.612 3.592 3.571 3.551 3.531 3.510 3.490 3.469 3.449 3.429 3.408 3.388 3.367 3.347 3.327 3.306 3.286 3.265 3.245 3.224 3.204 3.184 3.163 3.143 3.122 3.102 3.082 3.061 3.041 3.020 3.000 2.980 2.959 2.939 2.918 2.898 2.878 2.857 2.837 2.816 2.796 2.776 2.755
3.051 3.071 3.092 3.112 3.133 3.153 3.173 3.194 3.214 3.235 3.255 3.276 3.296 3.316 3.337 3.357 3.378 3.398 3.418 3.439 3.459 3.480 3.500 3.520 3.541 3.561 3.582 3.602 3.622 3.643 3.663 3.684 3.663 3.643 3.622 3.602 3.582 3.561 3.541 3.520 3.500 3.480 3.459 3.439 3.418 3.398 3.378 3.357 3.337 3.316 3.296 3.276 3.255 3.235 3.214 3.194 3.173 3.153 3.133 3.112 3.092 3.071 3.051 3.031 3.010 2.990 2.969 2.949 2.929 2.908 2.888 2.867 2.847 2.827 2.806 2.786 2.765
3.020 3.041 3.061 3.082 3.102 3.122 3.143 3.163 3.184 3.204 3.224 3.245 3.265 3.286 3.306 3.327 3.347 3.367 3.388 3.408 3.429 3.449 3.469 3.490 3.510 3.531 3.551 3.571 3.592 3.612 3.633 3.653 3.673 3.653 3.633 3.612 3.592 3.571 3.551 3.531 3.510 3.490 3.469 3.449 3.429 3.408 3.388 3.367 3.347 3.327 3.306 3.286 3.265 3.245 3.224 3.204 3.184 3.163 3.143 3.122 3.102 3.082 3.061 3.041 3.020 3.000 2.980 2.959 2.939 2.918 2.898 2.878 2.857 2.837 2.816 2.796 2.776
2.990 3.010 3.031 3.051 3.071 3.092 3.112 3.133 3.153 3.173 3.194 3.214 3.235 3.255 3.276 3.296 3.316 3.337 3.357 3.378 3.398 3.418 3.439 3.459 3.480 3.500 3.520 3.541 3.561 3.582 3.602 3.622 3.643 3.663 3.643 3.622 3.602 3.582 3.561 3.541 3.520 3.500 3.480 3.459 3.439 3.418 3.398 3.378 3.357 3.337 3.316 3.296 3.276 3.255 3.235 3.214 3.194 3.173 3.153 3.133 3.112 3.092 3.071 3.051 3.031 3.010 2.990 2.969 2.949 2.929 2.908 2.888 2.867 2.847 2.827 2.806 2.786
